    5   85   17   25    2  163   76    4
   38    8   19   47   11  102    3   68
   51    6   34   12   71   89   99    9
   33   27  134   67  228  152  114   57
   24    7   31  147   98   49   42   14
   21  123   41  149   28   88   44   22
   16  109  116   58   29   53   73  232
  112   56   32  183  122   61  107   43
  121   23   97  208  104   52   13   26
   69   78   39  108   72   54   36   18
  145   10  141   94   55  230  115   92
   46   20  139  233  106   65  246  164
   82  206  103   60   40   30   15   91
  221   87  212  140   70   35  105  186
  124   93   62  156  171  142  101  236
  118   59  184   79  173  180  120   90
   45  210   84  248  214  117  143  138
   86